11 0.498006 0.506500 0.642288 0.979911
2 0.388963 0.515367 0.252663 0.843978
2 0.581781 0.220450 0.127662 0.131211
2 0.584109 0.366428 0.108381 0.163122
2 0.696109 0.668439 0.087831 0.140656
2 0.488034 0.164300 0.074469 0.153667
0 0.542219 0.097517 0.097737 0.098100
0 0.576794 0.507683 0.166888 0.228122
0 0.466753 0.454494 0.095744 0.287233
0 0.521278 0.928489 0.102394 0.086289
0 0.616356 0.772456 0.139625 0.147756
1 0.505984 0.776594 0.101069 0.236411
1 0.435837 0.096333 0.081788 0.074467
0 0.678191 0.366433 0.110369 0.222222
