11 0.320299 0.532461 0.464932 0.703313
2 0.377435 0.468043 0.304964 0.508273
0 0.306117 0.549602 0.244286 0.385344
2 0.183185 0.398305 0.037828 0.070922
2 0.161516 0.567332 0.049646 0.087477
2 0.230862 0.672531 0.063828 0.068562
2 0.248589 0.762367 0.058323 0.115844
2 0.368372 0.775371 0.061464 0.066195
1 0.155997 0.474543 0.089047 0.083930
1 0.200914 0.356336 0.037036 0.067375
1 0.203281 0.610473 0.044917 0.086289
1 0.176487 0.680215 0.046495 0.093383
1 0.299023 0.753500 0.080380 0.145391
1 0.434172 0.720402 0.051219 0.069742
