10 0.608633 0.460449 0.617907 0.761236
1 0.150303 0.378889 0.234927 0.354613
2 0.602870 0.445676 0.455673 0.559102
1 0.511117 0.186809 0.078900 0.053191
1 0.689310 0.274871 0.070033 0.068551
1 0.580267 0.385387 0.038120 0.053191
1 0.461917 0.399573 0.138300 0.083929
1 0.504913 0.299102 0.031027 0.065013
1 0.599327 0.512462 0.040787 0.111111
1 0.506683 0.607022 0.103727 0.078009
1 0.747377 0.600520 0.090420 0.109929
1 0.671133 0.468133 0.072693 0.088658
1 0.687090 0.361751 0.039007 0.062649
1 0.766437 0.345200 0.057620 0.069742
1 0.701720 0.698040 0.045213 0.052009
1 0.809433 0.495911 0.063827 0.101653
