10 0.495862 0.560875 0.934992 0.795500
1 0.652008 0.334633 0.153667 0.072100
0 0.410162 0.540192 0.174942 0.210400
0 0.395388 0.312058 0.159575 0.092200
0 0.630617 0.850475 0.076833 0.119383
0 0.661346 0.395388 0.112292 0.100475
0 0.785463 0.329196 0.232858 0.114658
0 0.898937 0.536050 0.143025 0.178483
1 0.140658 0.695037 0.182033 0.217492
1 0.898875 0.736404 0.124233 0.172575
1 0.828546 0.713950 0.118325 0.049650
1 0.827425 0.494683 0.156033 0.119383
1 0.656029 0.550238 0.148942 0.095742
1 0.618737 0.643617 0.084042 0.086283
1 0.476892 0.649525 0.192783 0.088650
1 0.554375 0.402483 0.101650 0.076833
1 0.378783 0.405438 0.046217 0.096925
1 0.283096 0.419621 0.154842 0.049642
1 0.247046 0.523642 0.108742 0.066200
1 0.539004 0.509458 0.130025 0.120567
