9 0.502667 0.515390 0.670573 0.957932
2 0.502127 0.512153 0.669493 0.957932
1 0.327197 0.506489 0.066953 0.101948
1 0.461637 0.525904 0.072353 0.105175
1 0.403323 0.543706 0.044273 0.127832
1 0.339077 0.377038 0.066953 0.079291
1 0.501590 0.292897 0.052913 0.121359
1 0.691640 0.334156 0.055067 0.110030
1 0.715393 0.512957 0.093947 0.153726
1 0.648447 0.670724 0.078827 0.093856
1 0.438420 0.741119 0.233240 0.137542
1 0.565840 0.558267 0.082067 0.079291
1 0.584197 0.414256 0.088540 0.118122
1 0.607413 0.241119 0.072347 0.121359
1 0.447600 0.236264 0.072347 0.105175
