2 0.468167 0.486765 0.600467 0.935330
9 0.467670 0.488270 0.601500 0.935340
1 0.285213 0.426615 0.060147 0.060150
1 0.417543 0.284485 0.062153 0.070630
1 0.503260 0.157440 0.069173 0.081200
1 0.551880 0.262705 0.048120 0.117290
1 0.422557 0.386765 0.050127 0.067670
1 0.418047 0.590525 0.047120 0.054130
1 0.553383 0.620600 0.067167 0.183460
1 0.409523 0.707820 0.050127 0.069180
1 0.322307 0.545415 0.038093 0.051130
1 0.663157 0.386770 0.056140 0.079700
1 0.650623 0.585265 0.045113 0.085710
1 0.543357 0.773985 0.045113 0.093230
